email,subject,message
ghghf@hhh.com,dsfdsfdsf,dfdsfdsfdsf
ghghf@hhh.com,dsfdsfdsf,dfdsfdsfdsf
ghghf@hhh.com,dsfdsfdsf,dfdsfdsfdsf
